INITIAL
[ 0000.0000, ]
[ 0000.0000, ]
[ 0000.0000, ]
[ 0000.0000, ]
[ 0000.0000, ]
[ 0000.0000, ]
[ 0000.0000, ]
[ 0000.0000, ]
[ 0000.0000, ]

[ 0010.0000,  0000.0000,  0000.0000,  0000.0000,  0000.0000,  0000.0000,  0000.0000,  0000.0000,  0000.0000, ]
[ 0000.0000,  0010.0000,  0000.0000,  0000.0000,  0000.0000,  0000.0000,  0000.0000,  0000.0000,  0000.0000, ]
[ 0000.0000,  0000.0000,  0010.0000,  0000.0000,  0000.0000,  0000.0000,  0000.0000,  0000.0000,  0000.0000, ]
[ 0000.0000,  0000.0000,  0000.0000,  0010.0000,  0000.0000,  0000.0000,  0000.0000,  0000.0000,  0000.0000, ]
[ 0000.0000,  0000.0000,  0000.0000,  0000.0000,  0010.0000,  0000.0000,  0000.0000,  0000.0000,  0000.0000, ]
[ 0000.0000,  0000.0000,  0000.0000,  0000.0000,  0000.0000,  0010.0000,  0000.0000,  0000.0000,  0000.0000, ]
[ 0000.0000,  0000.0000,  0000.0000,  0000.0000,  0000.0000,  0000.0000,  0010.0000,  0000.0000,  0000.0000, ]
[ 0000.0000,  0000.0000,  0000.0000,  0000.0000,  0000.0000,  0000.0000,  0000.0000,  0010.0000,  0000.0000, ]
[ 0000.0000,  0000.0000,  0000.0000,  0000.0000,  0000.0000,  0000.0000,  0000.0000,  0000.0000,  0010.0000, ]

Time Elapsed: 0.100000s
PREDICT
[ 0000.4774, ]
[ 0000.0764, ]
[ 0000.0558, ]
[ 0000.0000, ]
[ 0000.0000, ]
[ 0000.0000, ]
[ 0000.0000, ]
[ 0000.0000, ]
[ 0000.0000, ]

[ 0011.9859, -0000.3293,  0000.1038,  0001.4918, -0000.0400,  0000.2110,  0000.1219, -0000.0039,  0000.0206, ]
[-0000.3293,  0011.3329, -0000.0105, -0001.3701,  0000.7938, -0000.9696,  0000.0185,  0000.0775, -0000.0946, ]
[ 0000.1038, -0000.0105,  0011.2465,  0000.8708,  0000.9871,  0000.7882, -0000.0099,  0000.0964,  0000.0769, ]
[ 0001.4918, -0001.3701,  0000.8708,  0020.1000,  0000.0000,  0000.0000,  0001.0000,  0000.0000,  0000.0000, ]
[-0000.0400,  0000.7938,  0000.9871,  0000.0000,  0020.1000,  0000.0000,  0000.0000,  0001.0000,  0000.0000, ]
[ 0000.2110, -0000.9696,  0000.7882,  0000.0000,  0000.0000,  0020.1000,  0000.0000,  0000.0000,  0001.0000, ]
[ 0000.1219,  0000.0185, -0000.0099,  0001.0000,  0000.0000,  0000.0000,  0020.0000,  0000.0000,  0000.0000, ]
[-0000.0039,  0000.0775,  0000.0964,  0000.0000,  0001.0000,  0000.0000,  0000.0000,  0020.0000,  0000.0000, ]
[ 0000.0206, -0000.0946,  0000.0769,  0000.0000,  0000.0000,  0001.0000,  0000.0000,  0000.0000,  0020.0000, ]

UPDATE
[ 0000.5478, ]
[ 0000.0118, ]
[ 0000.0969, ]
[ 0000.4762, ]
[ 0000.0000, ]
[ 0000.0000, ]
[ 0000.0471, ]
[ 0000.0000, ]
[ 0000.0000, ]

[ 0011.8788, -0000.2218,  0000.0366,  0000.7815, -0000.0209,  0000.1105,  0000.0516, -0000.0020,  0000.0107, ]
[-0000.2218,  0011.1704,  0000.0449, -0000.7177,  0000.4158, -0000.5079,  0000.0831,  0000.0401, -0000.0489, ]
[ 0000.0366,  0000.0449,  0011.1355,  0000.4562,  0000.5171,  0000.4129, -0000.0510,  0000.0498,  0000.0398, ]
[ 0000.7815, -0000.7177,  0000.4562,  0015.2907,  0000.0000,  0000.0000,  0000.5238,  0000.0000,  0000.0000, ]
[-0000.0209,  0000.4158,  0000.5171,  0000.0000,  0015.2907,  0000.0000,  0000.0000,  0000.5238,  0000.0000, ]
[ 0000.1105, -0000.5079,  0000.4129,  0000.0000,  0000.0000,  0015.2907,  0000.0000,  0000.0000,  0000.5238, ]
[ 0000.0516,  0000.0831, -0000.0510,  0000.5238,  0000.0000,  0000.0000,  0019.9529,  0000.0000,  0000.0000, ]
[-0000.0020,  0000.0401,  0000.0498,  0000.0000,  0000.5238,  0000.0000,  0000.0000,  0019.9529,  0000.0000, ]
[ 0000.0107, -0000.0489,  0000.0398,  0000.0000,  0000.0000,  0000.5238,  0000.0000,  0000.0000,  0019.9529, ]

Time Elapsed: 0.200000s
PREDICT
[-0000.1910, ]
[-0000.0042, ]
[-0000.0191, ]
[ 0000.4809, ]
[-0000.0000, ]
[ 0000.0000, ]
[ 0000.0471, ]
[-0000.0000, ]
[ 0000.0000, ]

[ 0025.1094, -0000.6386,  0000.3088,  0002.2026,  0000.1342, -0000.1319,  0000.4010,  0000.0217, -0000.0143, ]
[-0000.6386,  0012.4933, -0000.3715, -0002.3514,  0001.8420,  0000.4973, -0000.1121,  0000.3394,  0000.1077, ]
[ 0000.3088, -0000.3715,  0012.4198,  0002.8928, -0000.2486,  0001.7506,  0000.1743, -0000.0775,  0000.3270, ]
[ 0002.2026, -0002.3514,  0002.8928,  0025.7346,  0000.0064, -0000.0562,  0003.1240,  0000.0009, -0000.0081, ]
[ 0000.1342,  0001.8420, -0000.2486,  0000.0064,  0025.7317, -0000.0002, -0000.0010,  0003.1137, -0000.0000, ]
[-0000.1319,  0000.4973,  0001.7506, -0000.0562, -0000.0002,  0025.7317,  0000.0083, -0000.0000,  0003.1137, ]
[ 0000.4010, -0000.1121,  0000.1743,  0003.1240, -0000.0010,  0000.0083,  0029.9529, -0000.0001,  0000.0004, ]
[ 0000.0217,  0000.3394, -0000.0775,  0000.0009,  0003.1137, -0000.0000, -0000.0001,  0029.9529, -0000.0000, ]
[-0000.0143,  0000.1077,  0000.3270, -0000.0081, -0000.0000,  0003.1137,  0000.0004, -0000.0000,  0029.9529, ]

UPDATE
[-0000.1484, ]
[-0000.0496, ]
[ 0000.0369, ]
[ 0000.7851, ]
[ 0000.0001, ]
[-0000.0004, ]
[ 0000.1076, ]
[ 0000.0000, ]
[-0000.0000, ]

[ 0024.9275, -0000.4526,  0000.0810,  0000.9117,  0000.0553, -0000.0527,  0000.1448,  0000.0061,  0000.0012, ]
[-0000.4526,  0012.1519, -0000.1333, -0000.9733,  0000.7627,  0000.2038,  0000.1613,  0000.1258,  0000.0499, ]
[ 0000.0807, -0000.1329,  0011.9904,  0001.1967, -0000.1032,  0000.7272, -0000.1637, -0000.0487,  0000.1241, ]
[ 0000.9115, -0000.9730,  0001.1988,  0016.5124,  0000.0011, -0000.0096,  0001.2930,  0000.0001, -0000.0006, ]
[ 0000.0556,  0000.7624, -0000.1028,  0000.0032,  0016.5119, -0000.0000, -0000.0003,  0001.2889, -0000.0000, ]
[-0000.0553,  0000.2066,  0000.7237, -0000.0282, -0000.0001,  0016.5119,  0000.0024, -0000.0000,  0001.2889, ]
[ 0000.1448,  0000.1614, -0000.1633,  0001.2930, -0000.0007,  0000.0061,  0029.5893,  0000.0000, -0000.0003, ]
[ 0000.0062,  0000.1257, -0000.0486,  0000.0005,  0001.2889,  0000.0000,  0000.0001,  0029.5917,  0000.0000, ]
[ 0000.0007,  0000.0504,  0000.1234, -0000.0043, -0000.0000,  0001.2889, -0000.0011, -0000.0000,  0029.5917, ]

Time Elapsed: 0.300000s
PREDICT
[ 0000.6456, ]
[ 0000.2046, ]
[-0000.2235, ]
[ 0000.7959, ]
[ 0000.0001, ]
[-0000.0005, ]
[ 0000.1076, ]
[ 0000.0000, ]
[-0000.0000, ]

[-0082.2954, -0033.4811,  0031.5365,  0002.6092,  0001.5761,  0000.5413,  0000.9918,  0000.4662,  0000.1634, ]
[-0033.4811,  0001.5934,  0010.9245, -0003.0489,  0001.1691, -0002.2083, -0000.4694,  0000.3644, -0000.7460, ]
[ 0031.5365,  0010.9245,  0002.2276,  0001.7487,  0002.0133,  0001.3936, -0000.0837,  0000.6608,  0000.4191, ]
[ 0002.6092, -0003.0489,  0001.7487,  0027.5283,  0000.0740, -0000.1093,  0006.0231,  0000.0257, -0000.0279, ]
[ 0001.5761,  0001.1691,  0002.0133,  0000.0740,  0027.5079, -0000.0071, -0000.0256,  0005.9619, -0000.0034, ]
[ 0000.5413, -0002.2083,  0001.3936, -0000.1093, -0000.0071,  0027.5079,  0000.0328,  0000.0018,  0005.9617, ]
[ 0000.9918, -0000.4694, -0000.0837,  0006.0231, -0000.0256,  0000.0328,  0039.5893, -0000.0019, -0000.0017, ]
[ 0000.4662,  0000.3644,  0000.6608,  0000.0257,  0005.9619,  0000.0018, -0000.0019,  0039.5917,  0000.0000, ]
[ 0000.1634, -0000.7460,  0000.4191, -0000.0279, -0000.0034,  0005.9617, -0000.0017,  0000.0000,  0039.5917, ]

UPDATE
[ 0000.6642, ]
[ 0000.1827, ]
[-0000.2110, ]
[ 0000.9208, ]
[ 0000.0002, ]
[-0000.0005, ]
[ 0000.1505, ]
[ 0000.0001, ]
[ 0000.0000, ]

[-0082.6296, -0033.2253,  0031.2401,  0001.0127,  0000.6093,  0000.2142,  0000.4447,  0000.1368,  0000.0512, ]
[-0033.2240,  0001.0471,  0011.1374, -0001.1805,  0000.4571, -0000.8618,  0000.1802,  0000.1223, -0000.2865, ]
[ 0031.2399,  0011.1367,  0001.9112,  0000.6784,  0000.7798,  0000.5438, -0000.4514,  0000.2405,  0000.1292, ]
[ 0001.0116, -0001.1874,  0000.6785,  0016.8004,  0000.0112, -0000.0165,  0002.3369,  0000.0040, -0000.0020, ]
[ 0000.6133,  0000.4521,  0000.7827,  0000.0379,  0016.7974, -0000.0012, -0000.0068,  0002.3147, -0000.0008, ]
[ 0000.2081, -0000.8551,  0000.5396, -0000.0560, -0000.0037,  0016.7975,  0000.0081,  0000.0004,  0002.3146, ]
[ 0000.4442,  0000.1779, -0000.4514,  0002.3367, -0000.0160,  0000.0217,  0038.3224,  0000.0013, -0000.0074, ]
[ 0000.1382,  0000.1206,  0000.2415,  0000.0131,  0002.3147,  0000.0012,  0000.0044,  0038.3497,  0000.0000, ]
[ 0000.0491, -0000.2842,  0000.1278, -0000.0154, -0000.0016,  0002.3147, -0000.0121, -0000.0002,  0038.3498, ]

Time Elapsed: 0.400000s
